0 739
0 823
0 851
0 875
0 876
1 929
2 731
2 735
2 930
2 934
2 935
3 488
3 932
3 934
3 936
4 488
4 933
5 929
6 740
6 936
7 819
7 937
8 735
8 743
8 751
8 823
8 935
10 818
10 819
11 435
11 727
11 782
11 823
12 727
12 934
14 717
14 718
14 936
15 714
15 730
15 774
15 799
16 471
16 559
16 730
16 735
16 807
16 826
16 857
16 927
16 937
16 939
16 1327
17 500
17 857
17 940
18 500
18 728
18 857
18 936
19 744
19 921
19 937
20 938
21 559
21 743
22 771
22 939
23 766
23 768
23 771
23 807
23 810
23 932
23 937
24 455
24 639
24 704
24 735
24 777
24 780
24 783
24 823
24 935
24 936
25 560
25 565
25 872
25 1333
26 776
26 937
28 781
28 820
29 512
29 871
30 779
30 813
31 452
31 777
31 780
31 900
32 695
32 791
32 812
32 911
32 943
33 504
33 940
34 846
34 933
35 940
36 728
36 941
37 841
39 940
40 503
40 552
40 631
40 767
40 847
40 855
40 947
40 1343
41 941
42 574
43 500
43 882
43 948
44 762
44 763
44 932
45 471
45 761
46 947
47 845
47 946
48 881
48 919
48 927
49 912
49 941
51 547
51 676
52 542
52 937
52 947
53 936
54 944
55 483
56 481
56 535
56 555
56 645
56 707
56 711
56 855
56 932
56 940
56 943
56 945
57 560
58 551
58 944
58 948
59 935
60 479
60 483
60 932
60 940
60 944
61 928
61 929
61 940
61 948
62 540
62 939
62 947
63 934
64 539
64 559
64 643
64 927
64 951
65 643
65 933
65 939
65 948
65 949
66 943
67 941
68 947
68 950
71 582
71 722
72 479
72 695
72 949
73 500
73 576
74 433
76 768
77 839
79 477
80 730
80 863
80 937
81 945
82 464
83 727
83 728
83 871
83 944
84 948
85 464
85 730
86 949
87 728
87 865
88 407
88 463
88 615
88 647
88 687
88 927
88 947
88 1391
89 577
89 605
89 666
89 937
89 953
90 955
90 1391
91 529
91 536
92 579
92 601
92 944
93 949
93 953
94 759
94 947
95 573
95 574
95 640
95 666
96 455
96 754
96 941
96 943
96 951
96 1319
98 1316
99 196
100 449
100 949
102 571
103 644
103 718
104 501
104 543
104 592
104 604
104 767
104 951
105 573
106 601
106 658
107 561
107 687
108 606
108 947
108 948
108 950
109 585
110 573
110 858
111 308
111 345
111 583
111 662
111 689
111 766
111 857
111 858
112 303
112 391
112 400
112 516
112 543
112 605
112 647
112 659
112 660
112 663
112 679
112 856
112 871
113 195
113 577
114 583
115 646
116 376
116 516
117 294
118 263
118 581
118 951
118 952
119 227
119 308
119 563
119 645
119 952
120 271
120 310
120 311
123 319
124 631
125 139
125 313
125 580
125 583
125 593
125 594
125 950
126 142
126 251
126 945
127 590
127 643
128 199
128 207
128 239
128 271
128 284
128 615
128 663
128 751
129 207
129 658
130 269
130 661
131 661
132 143
132 335
133 140
133 499
134 295
135 139
135 264
135 266
135 276
135 279
135 330
135 336
136 111
136 215
136 223
136 295
136 328
136 335
136 340
136 391
136 420
136 824
137 292
137 953
138 90
138 464
138 467
140 244
141 289
141 573
141 636
142 447
143 121
143 243
143 417
143 863
144 121
144 123
144 125
144 127
144 183
144 184
144 231
144 247
144 351
144 356
144 536
144 711
144 959
146 189
146 264
146 669
146 704
147 351
147 355
148 244
148 351
148 520
149 116
149 184
149 218
149 224
149 296
149 477
151 125
151 183
151 261
152 103
152 119
152 121
152 124
152 127
152 207
152 215
152 223
152 265
152 349
152 407
152 455
152 521
152 687
153 263
154 185
154 200
155 218
155 261
156 159
156 218
157 183
157 452
158 216
158 449
158 452
159 108
159 111
159 136
159 263
159 266
159 521
159 830
159 953
160 132
160 136
160 148
160 183
160 199
160 407
160 455
160 739
160 887
161 135
161 148
161 392
162 950
163 167
163 323
163 324
163 616
164 180
164 323
164 324
164 949
165 258
165 408
165 946
166 949
167 134
167 270
167 404
167 448
168 151
168 175
168 263
168 359
168 371
168 386
168 391
168 493
169 237
170 214
172 136
172 191
172 391
173 209
173 212
174 104
175 256
175 352
175 824
175 828
176 175
176 265
176 271
176 279
176 319
176 327
176 361
176 367
176 423
176 463
176 815
176 823
176 844
177 201
177 279
178 139
178 267
178 328
178 329
178 330
180 363
181 207
181 961
182 291
182 295
183 224
183 460
184 55
184 136
184 143
184 159
184 183
184 228
184 231
185 354
185 355
186 355
187 290
188 49
188 175
190 844
191 1
191 207
191 473
192 41
192 49
192 119
192 167
192 255
192 369
192 567
192 655
192 703
192 965
193 419
193 564
194 477
194 564
197 263
197 369
197 585
197 955
198 585
199 348
199 349
199 363
199 367
199 368
200 55
200 82
200 83
200 87
200 219
200 220
200 223
200 271
200 287
200 320
200 367
200 407
200 415
200 604
201 352
201 353
204 135
204 148
204 556
204 664
207 955
208 55
208 183
208 215
208 271
208 311
208 327
208 447
209 317
209 327
210 0
210 227
210 230
211 314
211 315
212 285
213 271
213 589
214 152
214 159
214 179
215 0
215 156
215 442
215 591
216 247
216 335
216 362
216 367
216 383
216 687
217 362
217 376
217 401
218 362
219 104
220 108
220 109
220 367
220 686
220 960
221 108
221 401
223 247
223 286
223 328
223 363
223 420
224 7
224 199
224 207
224 335
224 385
224 418
224 567
224 679
226 384
226 387
227 1
227 2
228 389
229 719
230 23
231 205
231 280
231 289
231 719
232 48
232 51
232 55
232 111
232 160
232 185
232 186
232 255
232 391
232 431
232 727
233 52
234 311
235 104
235 152
235 157
236 320
238 167
238 240
238 242
238 243
238 294
239 48
239 55
239 74
239 167
240 55
240 303
240 367
240 399
240 711
242 344
242 410
243 72
243 74
243 75
243 251
243 344
245 363
246 54
246 55
247 78
247 240
247 339
248 7
248 15
248 166
248 167
248 175
248 215
248 271
248 392
248 847
249 208
250 208
251 43
251 44
252 15
253 25
253 26
254 12
255 4
255 5
255 15
255 33
256 7
256 47
256 62
256 63
256 124
256 255
256 272
256 418
257 2
257 3
258 522
259 190
259 191
259 417
259 420
260 417
260 420
261 151
263 304
263 471
264 134
264 135
264 224
264 231
264 276
264 279
264 303
264 344
264 351
264 383
264 439
266 350
267 295
269 293
270 80
270 391
271 68
271 295
271 319
272 23
272 39
272 143
272 191
272 399
273 96
273 804
273 805
274 470
274 471
274 800
276 23
277 17
277 470
278 466
278 467
279 40
279 264
279 368
279 428
280 7
280 40
280 135
280 151
280 199
280 359
280 471
280 511
283 6
284 596
285 506
285 599
285 884
286 356
287 600
288 12
288 92
288 95
288 96
288 191
288 375
288 447
289 524
290 843
292 58
293 384
294 368
294 375
295 481
295 486
296 2
296 7
296 159
296 371
296 599
298 0
299 14
300 4
300 135
301 0
301 4
301 49
301 136
301 334
301 689
303 79
303 80
304 167
304 175
304 210
304 215
304 431
304 468
304 503
304 535
305 236
309 78
309 232
309 426
310 430
311 365
312 159
312 223
316 431
319 156
319 438
320 423
320 431
320 541
321 78
323 422
323 456
325 392
326 416
328 7
328 15
328 159
328 378
331 155
331 390
332 385
334 516
335 338
335 474
336 111
336 152
336 153
336 159
336 271
336 471
338 262
339 261
339 262
339 516
340 303
343 284
343 630
344 223
344 287
344 319
344 551
346 283
347 208
348 319
349 30
350 315
351 220
351 343
352 47
352 320
352 343
352 463
352 471
352 527
353 32
354 34
355 49
355 458
359 50
359 319
359 466
359 524
360 63
360 111
360 199
360 215
360 591
361 237
362 588
363 96
363 112
367 13
367 111
367 212
367 689
368 23
368 183
369 180
371 56
371 498
373 175
374 680
375 200
375 218
376 63
376 76
376 103
376 139
376 231
376 415
376 447
377 72
378 201
379 194
380 0
382 218
383 270
383 408
384 284
391 204
391 557
392 87
392 95
392 279
393 88
394 91
394 137
394 257
395 95
395 110
395 322
396 145
397 88
397 128
397 258
398 100
398 103
399 140
399 182
399 183
399 570
400 102
400 144
400 148
400 151
400 232
400 506
400 511
401 189
401 261
401 288
401 506
403 258
403 263
405 261
405 524
407 531
408 71
408 250
408 253
408 303
408 311
410 254
413 253
413 486
413 503
414 250
415 58
416 64
416 143
416 639
418 391
418 394
419 311
420 127
423 111
423 329
424 23
424 63
424 84
424 87
424 328
424 615
426 200
427 56
427 84
427 200
431 80
431 82
431 83
432 31
432 192
432 199
432 207
432 407
433 498
435 80
435 486
439 87
439 203
440 31
440 108
440 223
440 236
440 279
440 527
442 26
443 27
443 31
443 216
443 240
445 58
445 144
445 238
445 279
445 341
446 98
446 99
446 104
447 15
447 16
447 27
447 150
447 247
448 137
448 143
448 151
449 144
451 261
452 261
453 104
456 175
456 255
456 256
457 72
461 142
463 237
464 223
464 255
464 284
464 287
466 260
466 286
467 99
467 200
467 208
467 231
468 362
469 220
469 221
471 250
471 256
471 533
472 23
472 40
472 135
472 255
473 152
474 424
475 135
475 222
475 282
475 283
476 23
476 135
477 66
477 264
479 83
479 84
479 95
479 282
480 15
480 23
480 175
480 271
481 11
481 298
481 303
482 11
483 9
483 170
486 16
486 168
487 20
487 21
487 170
488 224
488 228
489 189
491 187
493 184
494 188
496 23
496 199
496 241
496 242
496 287
496 428
498 88
499 88
500 88
502 198
503 198
503 346
504 199
506 104
507 104
511 108
512 15
512 191
519 283
520 120
520 183
521 162
521 163
521 164
522 181
523 181
528 47
531 279
535 182
536 11
536 15
536 159
536 179
536 183
538 12
538 13
539 180
539 181
540 15
541 11
541 15
542 15
543 9
543 12
543 13
543 183
544 15
544 87
544 295
547 88
547 294
547 332
548 280
549 292
549 311
550 279
551 280
556 15
560 39
560 85
561 21
561 23
562 16
564 95
565 75
565 76
567 20
567 21
567 22
568 20
568 28
568 39
568 71
568 79
568 367
571 70
571 71
571 384
575 39
576 119
576 351
576 363
579 359
580 47
581 40
582 239
583 15
584 15
584 47
584 135
584 335
589 7
589 131
589 134
590 7
590 439
591 0
591 1
591 113
591 116
591 128
592 39
592 55
592 115
592 133
593 39
593 133
595 71
595 118
596 48
599 134
599 360
600 23
600 272
601 91
603 22
604 103
605 16
607 23
608 23
608 100
608 167
609 27
609 28
611 31
611 96
613 21
613 98
614 21
615 96
615 101
616 100
616 103
616 111
616 183
616 239
616 303
617 168
618 181
619 111
622 96
622 99
622 165
622 183
623 39
625 245
625 246
626 31
627 96
627 236
628 236
630 96
632 19
632 23
632 108
635 22
637 19
639 22
640 175
640 199
640 431
640 455
648 47
651 52
654 50
656 135
656 269
662 50
663 31
663 52
663 53
664 209
670 227
671 135
671 214
671 215
672 7
675 145
676 145
679 180
679 181
680 0
680 31
680 47
682 42
682 47
684 1
687 42
721 46
722 46
725 152
728 23
728 41
728 44
728 199
730 20
730 21
736 63
736 127
741 0
743 20
744 16
745 16
750 167
752 6
752 71
757 147
760 23
760 40
761 24
775 47
880 15
883 54
888 159
907 81
910 19
1040 3
1045 13
1046 12
1048 23
